   1         "t+eu"   16   21.908615  25.357206  48.489094
   2           "sp"  612  3227.684570
   3       "b-eu+l"   52  124.160942 143.125961 199.872040
   4       "b-eu+s"   16   44.362675  47.872292  66.299858
   5        "k-o+m"    8   15.612995  12.219429  12.707959
   6       "d-eu+l"    8   16.790691  18.667364  31.080000
   7        "a-b+t"   16   18.495140  28.388647 139.450378
   8        "a-b+u"   16   21.675406  36.093979  99.679848
   9        "k-t+u"   16   71.141899  30.683680  66.536095
  10        "n-a+m"    8   33.775143  67.293907  19.690405
  11        "n-a+n"    8   32.540348  74.360847  19.214521
  12        "a-i+n"   16   22.999458  51.604118 170.294907
  13        "n-e+l"   12   57.143600  32.489670  68.416351
  14         "d+eu"    8   24.217356  16.700279  14.415076
  15        "a-k+a"   40  360.316589 111.565140 106.416595
  16        "a-k+t"   16   39.470028  34.470566  46.850540
  17      "eu-ng+g"   16   47.129829  26.017023  70.682838
  18      "eu-ng+r"   40  109.622757  96.238403 205.134506
  19        "a-m+i"   16   93.406532  20.686285  18.917490
  20        "a-n+j"   16   45.315964  56.873554  45.188938
  21        "n-i+n"   16   36.619514  42.844627 156.131592
  22        "n-i+t"   12   20.118383  29.066435  57.209194
  23        "n-j+a"   16   96.033218  69.653877  53.945709
  24        "a-p+a"   28   33.140457  55.128189 188.498764
  25        "a-s+a"   16   57.997189 121.516220  40.966331
  26         "u-wa"   36   37.032867  46.592014  40.359863
  27        "a-t+u"   12   26.754833  23.930311 102.893661
  28       "u-b+eu"   16   23.297403  32.589741  90.222679
  29         "m+eu"   40  160.888062  65.123596  60.053329
  30      "t-eu+ng"   16   35.248745  72.252701 132.920410
  31        "g-a+t"   16   27.375986  48.349949  30.771086
  32        "t-a+s"    8   41.016109  61.713078  28.837179
  33        "t-e+a"   12  166.863449  26.666388  63.377750
  34        "t-i+g"   16   20.640186  58.686508 113.355751
  35        "j-a+k"   40   87.840225 155.447876 141.433136
  36        "j-a+m"  108  228.153641 265.260498 247.361649
  37        "t-u+b"   16   48.903759  57.492428  58.683216
  38        "t-u+c"   12  183.863541 104.797287  35.762516
  39        "t-u+j"    8   25.915094  66.804077  31.086777
  40        "w-a+k"   16   82.448174  46.543758  31.256615
  41          "a-m"  116  733.953308 218.138855 181.482971
  42          "a-n"   64  169.975357 262.542480 191.429550
  43          "a-s"   44  163.894699 486.394073 278.743561
  44          "a-t"   64   99.312294 119.487083 266.613678
  45        "j-u+h"    8   14.362595  24.943287  36.530609
  46        "j-u+m"   16   25.056103  50.682552  37.496666
  47          "b-u"   16   61.045708 145.998611 103.523643
  48        "m-a+i"   16   44.745819 137.466614  36.232872
  49        "m-a+t"   16   75.389748 109.755836  33.794041
  50        "m-b+i"    8    8.347742   8.298365   8.495232
  51          "d+u"   36  148.333221 180.704620 442.189270
  52          "e+m"   12  112.744728  20.793665  13.552970
  53          "e+n"   12   79.653458  15.809571  12.946763
  54          "e+r"   12  104.200325  36.724724  95.824585
  55          "e-a"   12   85.361450 154.016296 110.058052
  56          "e-l"   12   51.208111  23.321939  98.500183
  57        "m-e+l"   12  158.783936  50.590088  91.813499
  58          "g-a"   16   32.128426 140.838669  53.228073
  59          "g-u"   12   30.426014  22.321453  44.817852
  60          "h+i"    8   37.804081  18.716692  16.271210
  61          "i-l"   12   49.614082  31.653681  40.404060
  62          "i-n"   32  102.434654 196.095856 184.640106
  63          "i-s"   16   58.920082 149.165756  81.802567
  64          "i-t"    4   15.057708   9.083505  11.469101
  65          "j+a"  108  597.403809 411.295380 401.807312
  66          "j+u"   16   73.878563  61.500519  30.546232
  67          "j-a"   16   41.887051 136.955521 121.427071
  68        "m-i+s"   16   25.651258  45.715382  93.501488
  69          "k+a"   16   86.266060  48.396961  79.923386
  70          "k+o"    8   85.435898  20.581314  18.036711
  71          "l+i"    8   11.753185   9.457319  14.334827
  72          "m+a"   16   26.462595  35.414478  31.428219
  73          "m+i"   12   12.209468  14.546063  16.117107
  74          "m-a"    8   19.923420  75.418221  24.533401
  75          "p+u"   20   20.037170  38.440590 106.338440
  76          "p-e"   24   99.426872  74.652214 173.341339
  77        "m-p+a"   12   13.842444  19.114029  47.468395
  78        "m-p+u"    8    9.065442  11.417121  17.044708
  79          "r+a"   36  107.936989  89.495354  61.223907
  80          "s+a"   28  101.768562 117.497673  76.628799
  81          "s-a"   16   52.655437 168.412735  91.220039
  82      "eu-b+eu"    4    6.999817   9.970956   9.029561
  83          "t+e"   12   16.713753  19.010635  31.279001
  84          "t+i"   16   23.336678  30.459095  28.212309
  85          "t+u"   36  173.175430  75.914520  80.194588
  86          "t-u"   44  141.324432 253.800934 377.513885
  87          "sil"  216  10270.916992 3227.684570 1205.294312
  88          "u+n"    4   25.104652  19.290125  22.159410
  89          "u-h"   32   59.336823  49.986294 127.820473
  90        "m-u+n"    8   15.576981  21.605389  12.130565
  91          "w+a"   16   79.161415  20.132368  65.385559
  92        "p-a+n"    8   43.229298  42.982681  19.275631
  93        "p-a+t"   32  169.300827 128.116776  57.906700
  94        "c-i+l"   12   24.864281  22.664490  22.309168
  95        "p-e+p"   12   48.290512  24.179550  92.716934
  96         "eu+m"   12   24.379023  18.945143  25.370197
  97         "eu+n"    8   12.866785  13.436582  16.259644
  98         "eu-s"   16   69.195290 163.170807 104.798080
  99        "p-u+l"   24  104.950241  83.993126  90.179573
 100        "p-u+n"    8   39.761650  42.785599  24.945154
 101      "m-eu+ng"   40   48.428802  91.297386 279.458649
 102        "s-a+b"   16   48.189083  80.132019  39.654961
 103        "s-a+t"   12   42.437180  91.079659  24.312124
 104        "i-g+a"   16  133.638367  68.598915  28.664093
 105       "i-ng+g"   12   83.999939  19.350138  19.791039
 106        "i-l+a"    8   81.642235  21.979269  27.644163
 107        "i-m+a"    8   43.758270  14.713827  10.565193
 108        "i-m+p"    8   25.608009  14.132878  11.224648
 109        "i-t+a"    8   21.531700  18.733610  63.191925
 110        "l-a+n"   24   39.539246  41.781979  39.930050
 111        "l-a+p"    8   20.054607  14.439570  11.422857
 112        "l-a+s"   52  103.126343 181.606583 119.527786
 113       "d-u+wa"   36  151.015228  43.944866  58.764744
 114       "ng-g+a"   16   52.594002  33.518196  46.767860
 115       "ng-g+u"   12   23.033289  38.705292 138.640106
 116        "l-i+m"    8   22.642977  26.913788  51.928471
 117        "l-p+e"   12   48.260582  17.932335  19.654257
 118       "ng-r+j"   40   76.712830  56.776581 105.978241
 119       "s-eu+b"    4    4.039157  11.956662   7.003486
 120       "s-eu+l"   16   25.671320  40.274490  70.767883
 121       "s-eu+m"    8    9.189819  16.636026  12.761659
 122       "s-eu+n"   16   20.173874  37.628613  43.178024
 123       "s-eu+p"    4    3.999927   9.984521   5.015218
 124        "l-u+h"   24   69.798317  85.862411 101.425232
 125        "b-i+l"    8   14.297112  24.818411  40.906334
 126        "o-m+u"    8   47.529839  14.092011  11.895647
 127        "b-t+u"   16   46.738705  27.179548  32.242840
 128       "eu-l+a"   76  194.050629 323.875031 417.508209
 129       "eu-m+b"    8   30.136486  10.582583  10.453558
 130       "eu-m+p"   12   81.467812  19.566942  12.802057
 131       "eu-n+a"    8   16.309649  61.459160  13.742570
 132       "eu-n+i"   16   44.058502 113.454491  20.425573
 133       "eu-p+u"    4    3.999927  10.010218  24.943962
 134        "r-a+b"   16   58.784534 149.522903  44.185406
 135        "r-a+p"   20   55.972740 127.420876  36.990688
 136         "b+eu"   48   74.800400  78.828896 112.917557
 137        "e-l+p"   12   70.003853  35.982624  71.461304
 138        "e-m+e"   12   29.620327  18.570295  31.341719
 139       "m-i+ng"   12   21.553806  39.391315 101.495224
 140         "s+eu"   48  192.050064 248.152634 115.080673
 141        "e-n+e"   12   13.550727  13.884060  14.802722
 142        "r-j+a"   40   88.603760 135.458176 121.580872
 143        "e-p+e"   12   89.615852  17.803619  18.866190
 144        "e-r+p"   12   43.860847  72.320648  35.695831
 145        "r-p+e"   12  106.749054  22.252752  24.519667
 146        "u-c+i"   12   92.152611  70.194344  63.195087
 147        "h-i+m"    8    9.088984  10.061938  38.914753
 148        "u-j+u"    8   44.078384  37.175598  17.705654
 149        "u-l+u"   24   89.664474  29.489248  66.020325
 150        "u-m+a"   16   91.053207  33.436428  55.301750
 151        "u-n+a"    8   15.955070  15.933259  14.653328
 152        "u-n+i"   12   17.582762  22.415068  15.481075
 153        "k-a+m"   16   32.658802  44.579834  38.648045
 154        "k-a+n"   40   51.659264  78.831078  74.446976
